1	57
2	51
3	48
4	55
5	49
6	64
7	62
8	64
9	58
10	56
11	59
12	54
13	49
14	51
15	50
16	46
17	40
18	73
19	54
20	51
21	61
22	45
23	59
24	39
25	57
26	54
27	62
28	45
29	42
30	41
31	55
32	46
33	60
34	52
35	51
36	59
37	55
38	61
39	56
40	54
41	65
42	43
43	58
44	56
45	48
46	56
47	50
48	62
49	55
50	61
51	51
52	56
53	66
54	62
55	57
56	53
57	49
58	42
59	63
60	43
61	37
62	51
63	69
64	45
65	52
66	57
67	62
68	44
69	60
70	55
71	40
72	53
73	57
74	56
75	48
76	47
77	40
78	45
79	47
80	58
81	47
82	50
83	48
84	65
85	51
86	54
87	45
88	63
89	51
90	55
91	47
92	41
93	38
94	40
95	42
96	48
97	55
98	61
99	64
100	57
101	57
102	59
103	52
104	52
105	46
106	58
107	49
108	65
109	46
110	54
111	60
112	63
113	52
114	45
115	46
116	46
117	57
118	68
119	46
