5	55
6	51
7	55
8	55
9	51
10	65
11	51
12	53
13	44
14	60
15	55
16	45
17	57
18	46
19	54
20	45
21	53
22	58
23	42
24	52
25	57
26	47
27	58
28	46
29	55
30	56
31	43
32	49
33	39
34	47
35	35
36	43
37	32
38	46
39	41
40	43
41	55
42	32
43	54
44	42
45	36
46	36
47	35
48	38
49	39
50	51
51	38
52	53
53	46
54	42
55	37
56	43
57	33
58	35
59	30
60	30
61	37
62	48
63	27
64	32
65	34
66	41
67	34
68	31
69	30
70	39
71	30
72	39
73	28
74	26
75	24
76	23
77	34
78	41
79	17
80	29
81	35
82	31
83	38
84	24
85	29
86	33
87	28
88	38
89	30
90	29
91	28
92	32
93	22
94	23
95	27
96	22
97	34
98	27
99	20
100	20
101	23
102	20
103	27
104	20
105	23
106	23
107	28
108	34
109	20
110	23
111	15
112	19
113	21
114	17
115	22
116	22
117	25
118	21
119	18
120	16
121	17
122	20
123	26
124	27
125	31
126	24
127	18
128	23
129	22
130	16
131	28
132	22
133	21
134	17
135	16
136	20
137	23
138	17
139	11
140	18
141	14
142	20
143	14
144	20
145	20
146	22
147	13
148	14
149	14
150	26
151	18
152	19
153	7
154	21
155	16
156	14
157	19
158	18
159	9
160	12
161	19
162	20
163	20
164	14
165	13
166	11
167	14
168	12
169	14
170	9
171	15
172	10
173	9
174	17
175	11
176	14
177	11
178	12
179	17
180	7
181	20
182	9
183	10
184	9
185	10
186	8
187	17
188	7
189	7
190	10
191	11
192	11
193	17
194	14
195	14
196	11
197	8
198	10
199	7
200	14
201	12
202	12
203	8
204	7
205	9
206	5
207	11
208	10
209	9
210	12
211	10
212	9
213	7
214	11
215	10
216	11
217	10
218	9
219	7
220	8
221	19
222	2
223	5
224	8
225	10
226	8
227	9
228	4
229	10
230	4
231	7
232	10
233	5
234	9
235	9
236	8
237	8
238	5
239	5
240	5
241	7
242	6
243	8
244	12
245	8
246	6
247	10
248	5
249	3
250	5
251	9
252	7
253	9
254	9
255	7
256	12
257	11
258	4
259	7
260	7
261	9
262	3
263	4
264	9
265	7
266	6
267	10
268	5
269	3
270	4
271	6
272	3
273	2
274	6
275	7
276	12
277	9
278	3
279	6
280	6
281	5
282	8
283	9
284	5
285	5
286	6
287	4
288	3
289	8
290	6
291	2
292	8
293	7
294	6
295	6
296	4
297	4
298	5
299	3
